6
5 11
0
4 3 15
1 3 7
4 4 12
4 1 13
4 1 0
1 3 1
0 4 6
1 0 -8
4 2 15
2 0 2
4 3 0
10 23
0
6 7 5
5 5 16
6 8 14
8 8 0
8 3 9
0 8 17
8 4 -6
2 6 8
8 5 3
0 9 9
7 1 15
1 5 -8
2 9 14
6 0 15
1 9 -7
7 7 7
3 0 -4
5 9 12
8 6 12
3 8 18
9 8 18
7 0 18
4 4 1
20 37
0
0 19 -4
8 14 15
11 18 9
15 0 -10
19 18 11
17 11 14
19 18 -7
8 16 -9
7 4 17
2 7 3
18 16 15
14 9 -6
5 6 12
7 10 8
18 4 18
5 13 2
5 12 7
9 16 17
6 14 0
2 10 8
4 11 -7
17 3 7
17 2 12
4 19 -9
18 3 -3
9 16 15
9 15 1
17 14 -7
19 13 17
7 5 15
17 10 12
4 5 2
19 16 0
8 3 7
16 12 -5
1 8 0
10 2 8
50 89
0
33 18 11
12 21 16
18 46 0
16 0 5
46 10 2
5 22 16
38 21 8
42 20 18
8 22 -10
18 1 -2
48 27 5
35 2 -8
23 37 -2
28 32 -2
1 5 4
16 7 14
22 2 -10
41 48 11
39 38 5
16 25 19
1 41 1
16 46 9
12 48 0
38 32 11
24 29 -3
24 19 -7
30 35 -4
14 3 17
19 30 17
37 48 9
22 25 1
11 25 16
38 24 14
16 10 6
30 48 -6
22 17 13
44 41 -9
14 36 -4
12 26 -4
2 39 -8
3 33 -1
34 38 4
9 30 3
46 47 -10
34 17 -2
1 42 15
20 1 12
9 35 4
27 38 3
13 44 14
14 15 0
12 4 18
49 22 0
32 33 12
20 8 -8
18 8 -3
18 12 13
32 28 6
28 5 0
6 6 15
35 34 -3
23 21 5
37 17 6
45 28 5
6 20 0
5 3 14
25 0 3
8 15 3
7 21 2
25 40 3
36 18 1
33 7 -9
42 24 10
3 10 0
18 47 -4
31 10 -9
2 14 8
22 18 0
13 24 -4
42 23 7
39 2 14
45 47 3
37 23 11
46 26 0
1 18 15
43 5 16
39 23 -8
23 40 12
18 32 -7
100 173
0
33 95 12
74 90 -8
37 18 8
47 67 0
28 28 10
82 90 5
97 91 -3
81 87 -4
9 59 -7
35 78 14
41 36 8
36 95 17
31 50 13
81 44 10
16 50 -1
12 7 11
44 53 11
37 55 9
47 85 -7
98 54 -1
80 65 1
34 91 10
51 95 14
73 24 8
20 15 -3
57 54 4
76 24 17
60 12 -10
36 93 10
17 87 9
90 99 14
91 95 11
64 71 4
40 27 19
69 87 9
63 36 11
7 55 -5
73 69 13
23 81 14
1 43 8
97 90 9
58 38 7
93 7 8
59 0 8
53 80 6
83 14 16
20 13 -6
83 28 12
50 63 19
10 82 13
38 46 19
23 17 18
59 29 2
53 2 -5
70 97 5
25 9 5
83 30 6
95 73 5
18 22 -7
39 67 8
18 90 -7
81 74 12
16 77 -7
0 72 15
62 48 9
78 11 8
52 26 1
36 45 17
47 63 -1
31 99 -1
84 23 -4
93 26 -3
67 88 -2
40 53 2
96 71 -7
59 80 6
64 77 17
54 72 10
67 36 -10
1 22 1
2 61 2
3 10 -10
61 20 0
99 59 5
99 79 15
91 51 8
48 47 12
75 92 7
31 53 6
67 63 19
80 4 10
52 79 4
99 22 2
19 80 19
34 81 9
17 8 0
46 99 -6
73 93 14
0 82 3
77 71 18
43 87 -6
79 43 -6
48 86 -3
60 47 -2
81 61 15
81 13 -7
16 1 -5
80 4 -6
66 7 15
73 12 13
40 74 -10
5 75 -1
16 97 17
6 44 4
50 90 -10
17 23 -7
95 24 -2
77 67 17
83 41 -10
97 60 4
19 55 -5
28 26 -10
16 56 -5
72 11 -1
20 12 -2
44 93 17
71 76 8
69 2 -2
73 84 -7
92 45 -10
93 91 7
20 21 13
66 37 10
10 10 -9
95 7 4
57 93 2
30 88 5
87 98 -8
73 59 13
98 26 -4
14 74 7
88 15 5
27 39 4
45 68 17
74 35 -6
79 19 -8
23 72 3
38 64 14
65 67 -5
86 71 13
4 2 19
1 2 -2
75 0 6
73 75 6
88 70 -2
44 39 11
81 68 -3
8 56 3
9 56 0
54 39 -1
27 95 12
73 72 13
6 73 10
83 26 -6
91 9 0
99 79 -2
0 1 14
23 20 12
93 71 6
22 57 -1
26 81 11
99 75 2
82 36 1
200 403
0
179 75 12
135 137 0
173 63 16
98 1 -9
74 193 -8
41 188 2
29 106 11
56 182 -3
36 141 3
198 189 1
132 119 13
16 147 10
192 96 13
191 76 12
4 51 10
140 20 7
67 86 -4
77 152 -9
83 158 19
6 99 8
10 29 14
144 134 -2
72 46 4
95 100 5
31 158 0
80 127 3
54 91 -10
22 93 3
192 29 -1
107 113 11
32 181 -3
62 197 13
31 63 1
2 58 -4
196 105 9
150 137 -6
26 104 13
112 53 4
75 162 -1
148 4 1
98 131 -10
117 198 4
14 75 4
56 60 4
136 49 0
119 199 14
46 2 -5
91 138 -1
8 122 16
46 139 12
174 84 -8
70 26 8
182 131 12
22 29 18
176 179 -2
5 60 14
71 166 17
48 165 12
65 31 7
198 23 -7
163 57 17
163 108 1
71 155 -3
19 183 10
172 18 10
123 63 10
51 133 12
28 139 13
83 38 6
109 38 3
12 175 -8
122 153 14
44 97 17
27 100 -10
165 187 15
62 70 7
193 11 -5
9 87 1
35 46 0
59 47 -5
66 111 3
85 145 1
119 127 13
179 198 -5
55 65 6
112 174 0
174 83 5
75 185 11
190 94 -5
47 187 18
122 0 11
112 27 -10
112 6 -4
30 184 4
122 53 7
109 133 9
99 6 16
91 16 3
32 22 -6
157 170 11
156 10 6
79 0 11
168 107 7
170 44 9
71 198 -5
12 76 16
156 99 13
145 188 3
62 88 11
61 90 10
171 28 -9
40 38 3
195 55 19
115 33 -9
158 141 -5
156 86 -2
105 21 17
34 142 5
157 63 -1
196 69 -7
39 84 -6
154 188 4
57 42 3
135 3 -9
32 144 9
7 44 16
69 113 18
136 30 5
124 22 -10
73 27 -10
173 188 18
51 136 4
80 100 9
74 164 6
58 48 4
153 54 -10
43 59 17
159 169 4
178 66 -10
127 191 7
108 179 -8
104 39 -7
125 130 1
124 64 17
131 40 3
133 48 11
83 96 -9
167 96 -3
32 10 17
170 62 8
136 128 12
89 65 -8
165 100 -2
108 165 2
15 177 4
15 5 -3
94 105 7
67 120 -7
198 166 7
188 51 -7
20 3 -9
122 113 -1
69 73 -6
57 30 2
12 1 9
57 30 15
34 131 -6
103 87 5
132 75 -4
97 174 7
113 36 1
57 19 0
156 5 5
134 194 -10
139 51 -6
123 70 8
9 105 -4
112 199 -5
182 159 12
116 153 -6
19 75 13
52 142 -9
83 188 7
93 172 12
138 31 10
196 162 10
167 169 -5
152 4 1
4 34 -4
19 168 12
70 20 15
145 94 14
114 185 10
19 29 -2
195 36 7
3 11 17
43 5 14
98 182 0
152 69 -2
111 105 17
189 0 -1
191 169 -4
146 8 0
163 131 -3
55 153 5
140 7 -6
173 31 -4
120 113 -1
153 27 4
35 39 2
43 46 -3
74 137 -9
70 195 2
182 0 -3
175 171 -3
130 99 15
64 126 9
149 195 13
132 105 8
63 173 3
161 187 3
38 95 -5
156 170 -2
109 104 3
101 130 3
17 23 9
128 40 -9
122 50 3
126 133 4
179 194 8
183 108 2
169 91 2
4 176 4
53 101 -7
25 84 -3
83 19 10
29 21 1
95 104 18
55 57 16
79 19 4
184 170 9
150 158 15
21 95 -6
104 132 -6
20 12 17
105 99 13
23 133 -7
162 45 6
17 5 -3
186 194 7
10 195 14
179 61 11
27 45 15
95 162 1
90 55 -8
80 47 -3
118 75 16
48 78 -10
184 140 5
162 162 -8
76 197 12
59 183 11
16 90 16
138 90 -4
92 21 -10
128 158 -6
8 118 -7
8 127 16
140 96 11
173 180 11
76 71 4
60 17 -7
1 85 19
15 60 -4
79 6 9
75 170 5
64 123 19
143 196 12
177 187 7
8 111 9
96 174 1
88 114 19
159 159 -4
6 145 12
125 161 11
92 179 9
14 4 14
92 76 8
189 66 -3
60 147 -8
30 94 18
44 119 -9
33 53 6
20 6 -5
171 138 13
8 109 17
122 157 15
147 77 7
130 17 6
130 114 -7
7 94 0
133 41 4
43 91 3
25 150 -2
180 91 17
51 2 13
7 145 7
160 128 19
57 50 -8
83 148 -1
195 196 0
43 46 -5
63 120 5
145 160 15
190 100 10
175 196 14
142 141 -3
188 73 13
196 42 9
174 16 -2
79 5 7
132 71 -5
69 74 -4
76 103 -10
17 127 -3
136 184 13
47 170 3
123 177 -5
112 64 -4
126 163 -3
194 187 -10
144 164 3
87 1 -6
96 119 15
162 15 -3
172 100 14
52 113 8
194 176 9
1 90 8
2 169 -8
96 148 -6
148 66 -8
8 167 -7
91 56 -6
121 149 7
107 19 18
30 112 -7
176 125 -8
108 169 8
20 50 -10
114 198 8
15 152 8
85 73 12
185 106 15
88 99 -6
133 0 13
72 178 14
111 161 18
196 174 -7
21 167 9
22 185 9
28 107 19
116 176 -9
155 172 9
126 51 -2
174 95 2
91 80 -5
46 163 8
153 60 -6
80 38 -2
82 119 9
110 175 -3
93 169 9
50 34 11
147 36 -7
68 115 -6
162 15 -8
196 1 1
151 166 -8
188 84 -7
190 121 -10
121 153 8
173 30 -6
79 25 -9
68 83 6
43 19 16
20 0 -2
113 70 4
89 32 10
193 157 -1
75 183 -4
22 58 10
165 61 -10
63 131 3
30 45 -5
30 67 12
85 119 18
30 44 -3
60 141 2
199 185 -4
148 63 1
193 175 15
106 115 8
